average: 6.070967e+00
st.dev.: 1.766358e-01
