average: 4.811396e+00
st.dev.: 1.026000e-01
