average: 5.293929e+00
st.dev.: 7.964694e-02
