average: 4.720910e+00
st.dev.: 1.170862e-01
