average: 3.600261e+00
st.dev.: 2.158443e-02
