average: 5.617567e+00
st.dev.: 8.911194e-02
