average: 6.519698e+00
st.dev.: 2.829200e-01
