average: 5.831166e+00
st.dev.: 7.775245e-02
