average: 5.789841e+00
st.dev.: 1.599448e-01
