average: 6.376008e+00
st.dev.: 7.960562e-02
