average: 5.641107e+00
st.dev.: 2.240516e-01
