average: 4.189169e+00
st.dev.: 8.095173e-02
