average: 5.364346e+00
st.dev.: 1.640026e-01
