average: 4.883477e+00
st.dev.: 6.173763e-02
