average: 6.726210e+00
st.dev.: 1.484699e-01
