average: 4.334833e+00
st.dev.: 5.257492e-02
