average: 4.494905e+00
st.dev.: 9.173362e-02
