average: 3.493866e+00
st.dev.: 6.064471e-02
