average: 5.437296e+00
st.dev.: 1.265146e-01
