average: 6.620219e+00
st.dev.: 1.033474e-01
