average: 6.177465e+00
st.dev.: 2.262609e-01
