average: 5.127004e+00
st.dev.: 1.485120e-01
