average: 3.874374e+00
st.dev.: 6.876669e-02
