average: 5.117224e+00
st.dev.: 1.148820e-01
