average: 4.156721e+00
st.dev.: 4.866583e-02
