average: 4.442260e+00
st.dev.: 9.137988e-02
