average: 6.144154e+00
st.dev.: 2.422744e-01
