average: 7.114112e+00
st.dev.: 1.445278e-01
