average: 6.200328e+00
st.dev.: 8.311797e-02
