average: 4.089015e+00
st.dev.: 7.533846e-02
