average: 5.068258e+00
st.dev.: 7.131834e-02
