average: 5.410606e+00
st.dev.: 7.310133e-02
