average: 4.699202e+00
st.dev.: 6.152047e-02
