average: 6.052585e+00
st.dev.: 8.838331e-02
