average: 3.952803e+00
st.dev.: 4.107181e-02
