average: 4.538073e+00
st.dev.: 4.755310e-02
